29969
32378
7556
27911
7497
529
15682
12418
1015
28389
30566
22132
4681
19393
12448
1438
5508
11297
31882
22784
31550
19351
23424
30295
7629
30829
2738
28132
13567
4492
6775
18287
16140
7068
16101
24716
30152
12653
3742
29
9245
21398
9196
17176
28601
23388
21521
18058
27396
5333
28888
13020
853
17485
18544
3157
8037
6888
22394
27873
516
24201
24929
2833
17674
18675
25322
12898
145
25134
4876
4290
29281
23085
26113
32080
14764
9645
18077
7268
31484
25184
31199
1231
105
17995
24774
19044
10767
7788
3173
4535
17087
8353
22586
4388
3317
5317
32444
8979
7178
6428
23603
19835
19883
1521
21452
25253
30602
13437
2797
7987
7507
11531
28358
26976
17122
90
14377
5513
11955
20547
24987
21485
12442
19355
17323
11185
16564
8539
19330
10023
2717
12030
32700
5455
14563
28203
18294
1182
5307
26004
10152
23295
19955
8478
27318
12056
32552
30018
26177
18126
16953
4531
21315
24331
26875
10049
27739
8382
11823
9469
18021
26404
29361
20638
5966
15175
23282
15907
24358
10436
24743
27322
10103
20432
11459
32481
19670
22653
19875
31691
1719
11066
7561
22533
8582
4761
27980
20313
7923
10838
18254
27123
12429
16276
24237
32450
16530
1641
32446
13601
32005
18589
3767
18871
6402
29103
32171
6811
14415
7193
10940
16060
14643
981
7564
11393
20619
544
8948
13228
11290
30334
8697
20100
3873
16638
15611
3635
7471
12735
4912
9837
18235
4531
13905
23634
3824
10403
10387
23702
5192
25716
30425
15583
8540
1448
17192
11374
10363
29992
21339
6146
26745
10048
30744
17657
11081
12267
24578
10169
21198
27729
11056
31054
10223
25998
21215
20564
8170
20661
14691
16664
3050
20500
30308
18682
26331
22970
13126
2326
13693
26423
11241
5155
11447
21155
10131
21402
4655
1250
32298
18459
2839
22821
32167
10510
19786
22964
17351
10118
26263
14828
24579
22634
3676
12675
20931
2518
13655
7444
14031
1983
18362
2007
15878
5078
21885
687
12882
5295
5368
27755
12763
16419
29617
3909
25979
17651
10611
14255
19571
14253
416
10320
28764
18132
20167
3913
5472
31291
15481
24764
15017
434
29529
14991
32538
22244
17267
13677
15933
13952
18639
18190
31101
13463
15941
6585
24982
28742
29330
32007
5193
10900
5036
21481
25172
17565
17491
9196
12705
26865
12265
10684
20414
25655
4227
5863
18573
28950
23360
23780
5437
31573
1754
10580
14200
7744
8314
30599
5342
25166
8913
23362
9907
32258
17252
26816
20948
7695
10791
24054
31472
30911
18254
28956
10996
12437
15200
26728
22471
18994
1421
24349
9528
14709
27713
23492
12853
18918
21497
7097
17981
26197
30806
14314
29463
958
15215
1756
32453
13168
32620
24559
10676
8302
15953
9186
9525
31766
21527
11929
20017
7680
12033
5662
23
23337
23085
23271
5146
22609
5738
27991
24730
23457
30025
11398
19679
24977
10871
16965
19725
30985
1865
93
23124
10950
21657
8984
15208
28672
32465
7427
12593
31818
18501
20465
23491
24249
30150
22339
27536
15944
10611
18279
29404
13691
24531
1695
27506
4419
17185
8964
17558
30498
18663
18890
3386
13967
19919
17349
3701
18844
9141
6956
27184
18646
17920
20126
4643
22125
10291
13666
11008
17557
21183
30963
12269
31531
16924
18364
27192
24732
15383
9504
4422
18947
3950
31421
9933
13969
29082
20210
25411
23090
28396
17566
18071
15213
8411
18475
8478
26764
7837
3532
10448
2046
23540
17666
28340
18425
27211
9573
18585
29028
20481
14497
775
8691
27141
1471
28533
29076
2979
422
8892
1802
20637
26849
30668
24535
21886
26274
10910
20320
18987
11527
8042
31052
4795
25245
10777
19245
27272
2339
27133
14690
15750
16784
3520
17212
11220
4439
5018
607
27537
3305
22983
18795
31985
2939
4921
5596
25744
18442
29834
22831
24582
5021
11572
23879
18619
31947
260
18446
6397
4220
5580
607
18255
6132
18777
1572
27652
30733
9124
22459
25869
5571
14668
11935
27664
25590
4676
4420
21178
32364
26825
26690
22869
30230
21656
19638
21405
12948
13917
5605
4047
3322
30574
27171
13316
2005
29113
22260
1469
18537
5116
13424
20415
13629
5684
22508
23073
24026
21079
22998
10403
4047
5445
29409
29505
15608
31740
13410
3336
5888
12556
8186
11561
1061
7756
25206
20044
20795
26314
13811
6182
17652
15624
12102
1870
30814
26981
31387
18252
6317
5337
19291
29427
30267
11237
852
12018
1229
28106
21780
21157
12568
31738
26005
4913
12164
32204
12576
25807
10287
11379
14187
1640
25653
23345
13061
27491
24623
20424
24563
30651
26617
32562
5532
16980
8121
657
14306
20879
7708
22633
17298
1564
31715
17933
31230
10255
31903
27991
28648
18998
13496
27292
930
30634
20660
3807
32372
24485
25014
2629
25918
29587
21317
6857
15454
11116
28239
4913
17108
25664
3438
20033
26788
3348
26217
25134
1148
5612
3326
10326
3223
21801
4831
27949
22241
22293
26874
23675
9308
19389
26109
32197
31682
1791
5658
21768
5996
18147
14344
31662
27250
13359
2890
17850
276
20789
21427
18246
16473
19184
13866
20015
18677
24655
21163
9231
368
21457
16270
11371
2949
6994
18956
13102
10441
16933
8191
32598
21133
12642
18153
32238
2308
21121
1080
6460
7593
16424
6856
4155
31963
31042
426
25164
15050
19025
30756
9000
26519
24837
6904
19225
28343
15885
24297
22378
1433
31021
5244
20251
28040
2961
22780
32730
3282
5217
6336
1839
9002
19349
1713
31735
7499
5899
11526
19475
19422
30166
31570
8801
414
13786
30145
26859
23738
10134
27038
15199
16250
17472
19225
24000
15398
31255
8264
2906
30756
4853
7531
12795
19040
26915
22132
28000
6385
24178
10695
22254
14841
18823
18494
32163
23500
19831
32368
6731
14421
20372
9011
21495
6070
32646
20319
10411
26159
9629
17109
20055
24897
11109
6848
8200
8211
4731
15643
27488
31508
19872
7540
12868
5858
12300
16111
13524
5739
26372
6029
22432
14418
12719
14510
14872
25492
19238
24789
4421
26475
15050
23212
6839
29298
32474
19784
15295
1290
17733
25005
8414
25341
9916
24981
29052
18530
6156
13165
27613
26049
1451
22433
32082
26487
19856
19225
10924
3163
2888
29444
23798
4001
27207
30164
26212
27135
29308
9609
21382
11791
808
24371
